cam0:
  cam_overlaps: [1]
  camera_model: pinhole
  distortion_coeffs: [-0.022625846471614967, -0.004888306605209234, 0.004616728477205685, -0.002706134119112701]
  distortion_model: equidistant
  intrinsics: [360.2324627918333, 360.32736034792146, 370.2853375021368, 227.57752217242512]
  resolution: [752, 480]
  rostopic: /mynteye/right/image_raw
cam1:
  T_cn_cnm1:
  - [0.9999731802731948, -0.002484140540611612, 0.006889686500931227, 0.11987635919459456]
  - [0.0024818961965581143, 0.9999968642175207, 0.0003342848918820402, 6.399829949458392e-06]
  - [-0.006890495307025068, -0.0003171764397304268, 0.9999762099537788, -0.0005373790470667552]
  - [0.0, 0.0, 0.0, 1.0]
  cam_overlaps: [0]
  camera_model: pinhole
  distortion_coeffs: [-0.022696694584531187, -0.007034533266940795, 0.0073915767572267825, -0.003559365766559855]
  distortion_model: equidistant
  intrinsics: [359.1091090536008, 359.20293234241416, 358.6871128249397, 230.69716284320123]
  resolution: [752, 480]
  rostopic: /mynteye/left/image_raw
